2722,1000.0
10,1025.0
8,1050.0
4,1075.0
71,1100.0
5,1125.0
9,1150.0
1,1175.0
735,1200.0
3,1225.0
16,1250.0
4,1275.0
100,1300.0
9,1325.0
13,1350.0
4,1375.0
201,1400.0
6,1425.0
48,1450.0
6,1475.0
1561,1500.0
7,1525.0
22,1550.0
7,1575.0
539,1600.0
5,1625.0
36,1650.0
18,1675.0
90,1700.0
4,1725.0
35,1750.0
4,1775.0
446,1800.0
10,1825.0
15,1850.0
4,1875.0
51,1900.0
16,1925.0
17,1950.0
13,1975.0
3714,2000.0
15,2050.0
8,2075.0
246,2100.0
4,2125.0
43,2150.0
5,2175.0
383,2200.0
3,2225.0
61,2250.0
5,2275.0
101,2300.0
8,2325.0
11,2350.0
5,2375.0
1109,2400.0
9,2425.0
4,2450.0
3,2475.0
2468,2500.0
20,2525.0
20,2550.0
6,2575.0
174,2600.0
6,2625.0
56,2650.0
10,2675.0
182,2700.0
18,2725.0
72,2750.0
5,2775.0
487,2800.0
5,2825.0
21,2850.0
28,2875.0
47,2900.0
8,2925.0
14,2950.0
12,2975.0
6993,3000.0
420,3025.0
27,3050.0
18,3075.0
107,3100.0
41,3125.0
41,3150.0
13,3175.0
889,3200.0
18,3225.0
58,3250.0
10,3275.0
238,3300.0
14,3325.0
30,3350.0
6,3375.0
117,3400.0
7,3425.0
12,3450.0
13,3475.0
2646,3500.0
21,3525.0
12,3550.0
11,3575.0
1576,3600.0
61,3625.0
19,3650.0
13,3675.0
146,3700.0
16,3725.0
45,3750.0
17,3775.0
189,3800.0
8,3825.0
78,3850.0
12,3875.0
118,3900.0
14,3925.0
29,3950.0
5,3975.0
7770,4000.0
15,4025.0
33,4050.0
21,4075.0
67,4100.0
11,4125.0
29,4150.0
18,4175.0
1105,4200.0
44,4225.0
49,4250.0
14,4275.0
160,4300.0
43,4325.0
23,4350.0
14,4375.0
277,4400.0
9,4425.0
28,4450.0
20,4475.0
1864,4500.0
11,4525.0
48,4550.0
16,4575.0
130,4600.0
20,4625.0
22,4650.0
13,4675.0
95,4700.0
16,4725.0
39,4750.0
17,4775.0
2379,4800.0
22,4825.0
25,4850.0
13,4875.0
139,4900.0
15,4925.0
72,4950.0
16,4975.0
21299,5000.0
15,5025.0
36,5050.0
14,5075.0
96,5100.0
38,5125.0
20,5150.0
19,5175.0
361,5200.0
17,5225.0
73,5250.0
40,5275.0
224,5300.0
13,5325.0
27,5350.0
13,5375.0
464,5400.0
11,5425.0
33,5450.0
18,5475.0
2254,5500.0
25,5525.0
18,5550.0
19,5575.0
939,5600.0
20,5625.0
25,5650.0
19,5675.0
121,5700.0
13,5725.0
61,5750.0
14,5775.0
170,5800.0
15,5825.0
28,5850.0
25,5875.0
68,5900.0
13,5925.0
12,5950.0
20,5975.0
15261,6000.0
991,6025.0
83,6050.0
19,6075.0
110,6100.0
25,6125.0
17,6150.0
11,6175.0
193,6200.0
13,6225.0
68,6250.0
23,6275.0
315,6300.0
24,6325.0
37,6350.0
11,6375.0
1164,6400.0
23,6425.0
20,6450.0
21,6475.0
2623,6500.0
15,6525.0
21,6550.0
17,6575.0
519,6600.0
12,6625.0
44,6650.0
17,6675.0
131,6700.0
38,6725.0
53,6750.0
11,6775.0
233,6800.0
18,6825.0
28,6850.0
15,6875.0
66,6900.0
8,6925.0
26,6950.0
13,6975.0
7929,7000.0
15,7025.0
39,7050.0
19,7075.0
71,7100.0
16,7125.0
81,7150.0
10,7175.0
2093,7200.0
79,7225.0
29,7250.0
12,7275.0
110,7300.0
20,7325.0
32,7350.0
16,7375.0
104,7400.0
17,7425.0
24,7450.0
16,7475.0
3311,7500.0
14,7525.0
33,7550.0
19,7575.0
127,7600.0
16,7625.0
30,7650.0
28,7675.0
292,7700.0
11,7725.0
40,7750.0
29,7775.0
469,7800.0
8,7825.0
25,7850.0
15,7875.0
74,7900.0
28,7925.0
11,7950.0
26,7975.0
15155,8000.0
12,8025.0
19,8050.0
13,8075.0
86,8100.0
21,8125.0
24,8150.0
13,8175.0
118,8200.0
17,8225.0
113,8250.0
14,8275.0
95,8300.0
15,8325.0
18,8350.0
15,8375.0
1553,8400.0
49,8425.0
34,8450.0
21,8475.0
1793,8500.0
22,8525.0
26,8550.0
19,8575.0
118,8600.0
18,8625.0
43,8650.0
19,8675.0
104,8700.0
25,8725.0
53,8750.0
20,8775.0
422,8800.0
24,8825.0
27,8850.0
16,8875.0
85,8900.0
8,8925.0
27,8950.0
17,8975.0
4801,9000.0
15,9025.0
23,9050.0
16,9075.0
171,9100.0
27,9125.0
16,9150.0
16,9175.0
108,9200.0
16,9225.0
35,9250.0
16,9275.0
86,9300.0
16,9325.0
71,9350.0
14,9375.0
67,9400.0
9,9425.0
19,9450.0
16,9475.0
956,9500.0
18,9525.0
17,9550.0
18,9575.0
2507,9600.0
8,9625.0
55,9650.0
9,9675.0
53,9700.0
20,9725.0
29,9750.0
21,9775.0
373,9800.0
4,9825.0
30,9850.0
12,9875.0
149,9900.0
23,9925.0
30,9950.0
30,9975.0
55385,10000.0
20,10025.0
19,10050.0
37,10075.0
40,10100.0
20,10125.0
23,10150.0
24,10175.0
373,10200.0
13,10225.0
37,10250.0
16,10275.0
52,10300.0
26,10325.0
26,10350.0
25,10375.0
534,10400.0
24,10425.0
71,10450.0
15,10475.0
1494,10500.0
30,10525.0
41,10550.0
8,10575.0
150,10600.0
21,10625.0
38,10650.0
29,10675.0
77,10700.0
21,10725.0
34,10750.0
21,10775.0
775,10800.0
11,10825.0
48,10850.0
32,10875.0
44,10900.0
26,10925.0
10,10950.0
25,10975.0
5474,11000.0
14,11025.0
35,11050.0
16,11075.0
55,11100.0
25,11125.0
23,11150.0
15,11175.0
1581,11200.0
12,11225.0
37,11250.0
21,11275.0
73,11300.0
13,11325.0
26,11350.0
13,11375.0
161,11400.0
15,11425.0
15,11450.0
27,11475.0
909,11500.0
32,11525.0
26,11550.0
22,11575.0
100,11600.0
12,11625.0
35,11650.0
21,11675.0
90,11700.0
12,11725.0
43,11750.0
20,11775.0
55,11800.0
13,11825.0
25,11850.0
14,11875.0
90,11900.0
12,11925.0
27,11950.0
28,11975.0
23630,12000.0
24,12025.0
29,12050.0
26,12075.0
38,12100.0
19,12125.0
26,12150.0
19,12175.0
58,12200.0
17,12225.0
47,12250.0
21,12275.0
54,12300.0
23,12325.0
19,12350.0
12,12375.0
79,12400.0
16,12425.0
20,12450.0
26,12475.0
1577,12500.0
20,12525.0
23,12550.0
15,12575.0
314,12600.0
20,12625.0
20,12650.0
8,12675.0
58,12700.0
25,12725.0
59,12750.0
19,12775.0
1077,12800.0
16,12825.0
18,12850.0
25,12875.0
43,12900.0
16,12925.0
31,12950.0
17,12975.0
5483,13000.0
21,13025.0
18,13050.0
14,13075.0
38,13100.0
23,13125.0
23,13150.0
19,13175.0
397,13200.0
25,13225.0
51,13250.0
31,13275.0
81,13300.0
15,13325.0
14,13350.0
18,13375.0
46,13400.0
12,13425.0
20,13450.0
17,13475.0
986,13500.0
13,13525.0
19,13550.0
22,13575.0
181,13600.0
16,13625.0
22,13650.0
19,13675.0
47,13700.0
21,13725.0
42,13750.0
17,13775.0
124,13800.0
21,13825.0
18,13850.0
18,13875.0
45,13900.0
27,13925.0
13,13950.0
15,13975.0
6817,14000.0
14,14025.0
16,14050.0
17,14075.0
33,14100.0
28,14125.0
21,14150.0
17,14175.0
46,14200.0
18,14225.0
42,14250.0
20,14275.0
48,14300.0
21,14325.0
30,14350.0
14,14375.0
1704,14400.0
18,14425.0
25,14450.0
17,14475.0
670,14500.0
20,14525.0
19,14550.0
21,14575.0
54,14600.0
27,14625.0
25,14650.0
14,14675.0
88,14700.0
24,14725.0
29,14750.0
20,14775.0
67,14800.0
23,14825.0
27,14850.0
19,14875.0
46,14900.0
18,14925.0
14,14950.0
27,14975.0
30178,15000.0
22,15025.0
26,15050.0
19,15075.0
43,15100.0
24,15125.0
20,15150.0
16,15175.0
115,15200.0
21,15225.0
21,15250.0
11,15275.0
49,15300.0
11,15325.0
48,15350.0
19,15375.0
151,15400.0
19,15425.0
14,15450.0
19,15475.0
764,15500.0
18,15525.0
28,15550.0
20,15575.0
473,15600.0
16,15625.0
21,15650.0
25,15675.0
36,15700.0
11,15725.0
35,15750.0
14,15775.0
57,15800.0
25,15825.0
30,15850.0
8,15875.0
52,15900.0
14,15925.0
23,15950.0
11,15975.0
15043,16000.0
21,16025.0
18,16050.0
15,16075.0
43,16100.0
12,16125.0
15,16150.0
16,16175.0
124,16200.0
16,16225.0
26,16250.0
18,16275.0
43,16300.0
21,16325.0
18,16350.0
17,16375.0
39,16400.0
14,16425.0
22,16450.0
9,16475.0
821,16500.0
29,16525.0
29,16550.0
16,16575.0
36,16600.0
15,16625.0
24,16650.0
17,16675.0
44,16700.0
12,16725.0
18,16750.0
9,16775.0
893,16800.0
14,16825.0
11,16850.0
11,16875.0
32,16900.0
18,16925.0
24,16950.0
16,16975.0
3932,17000.0
9,17025.0
17,17050.0
15,17075.0
45,17100.0
16,17125.0
19,17150.0
16,17175.0
49,17200.0
21,17225.0
25,17250.0
25,17275.0
41,17300.0
14,17325.0
26,17350.0
19,17375.0
81,17400.0
9,17425.0
17,17450.0
19,17475.0
771,17500.0
25,17525.0
22,17550.0
17,17575.0
246,17600.0
24,17625.0
20,17650.0
17,17675.0
39,17700.0
16,17725.0
28,17750.0
23,17775.0
35,17800.0
17,17825.0
22,17850.0
15,17875.0
31,17900.0
22,17925.0
15,17950.0
22,17975.0
9204,18000.0
5,18025.0
19,18050.0
12,18075.0
18,18100.0
17,18125.0
19,18150.0
12,18175.0
126,18200.0
14,18225.0
14,18250.0
17,18275.0
27,18300.0
18,18325.0
18,18350.0
17,18375.0
77,18400.0
16,18425.0
19,18450.0
17,18475.0
574,18500.0
14,18525.0
13,18550.0
13,18575.0
70,18600.0
19,18625.0
15,18650.0
21,18675.0
35,18700.0
25,18725.0
24,18750.0
13,18775.0
42,18800.0
23,18825.0
26,18850.0
10,18875.0
64,18900.0
15,18925.0
7,18950.0
20,18975.0
1945,19000.0
18,19025.0
17,19050.0
23,19075.0
29,19100.0
19,19125.0
16,19150.0
18,19175.0
1250,19200.0
19,19225.0
22,19250.0
14,19275.0
35,19300.0
17,19325.0
22,19350.0
18,19375.0
29,19400.0
19,19425.0
24,19450.0
23,19475.0
376,19500.0
13,19525.0
18,19550.0
15,19575.0
122,19600.0
30,19625.0
23,19650.0
14,19675.0
32,19700.0
15,19725.0
24,19750.0
18,19775.0
82,19800.0
14,19825.0
21,19850.0
20,19875.0
24,19900.0
13,19925.0
25,19950.0
22,19975.0
35610,20000.0
13,20025.0
18,20050.0
16,20075.0
26,20100.0
17,20125.0
19,20150.0
16,20175.0
28,20200.0
11,20225.0
27,20250.0
20,20275.0
34,20300.0
22,20325.0
14,20350.0
13,20375.0
352,20400.0
18,20425.0
13,20450.0
21,20475.0
353,20500.0
22,20525.0
18,20550.0
26,20575.0
17,20600.0
9,20625.0
19,20650.0
15,20675.0
33,20700.0
17,20725.0
22,20750.0
14,20775.0
205,20800.0
11,20825.0
17,20850.0
20,20875.0
21,20900.0
6,20925.0
18,20950.0
19,20975.0
4155,21000.0
17,21025.0
19,21050.0
17,21075.0
34,21100.0
15,21125.0
23,21150.0
19,21175.0
67,21200.0
13,21225.0
20,21250.0
21,21275.0
36,21300.0
13,21325.0
15,21350.0
18,21375.0
19,21400.0
11,21425.0
15,21450.0
15,21475.0
278,21500.0
17,21525.0
21,21550.0
11,21575.0
605,21600.0
21,21625.0
16,21650.0
19,21675.0
49,21700.0
11,21725.0
21,21750.0
24,21775.0
20,21800.0
15,21825.0
15,21850.0
15,21875.0
27,21900.0
15,21925.0
16,21950.0
14,21975.0
3440,22000.0
17,22025.0
22,22050.0
22,22075.0
33,22100.0
15,22125.0
18,22150.0
22,22175.0
52,22200.0
17,22225.0
23,22250.0
9,22275.0
20,22300.0
19,22325.0
20,22350.0
13,22375.0
372,22400.0
20,22425.0
14,22450.0
12,22475.0
408,22500.0
18,22525.0
16,22550.0
13,22575.0
29,22600.0
19,22625.0
19,22650.0
14,22675.0
27,22700.0
12,22725.0
18,22750.0
17,22775.0
128,22800.0
15,22825.0
12,22850.0
17,22875.0
24,22900.0
6,22925.0
20,22950.0
12,22975.0
2017,23000.0
15,23025.0
20,23050.0
18,23075.0
44,23100.0
15,23125.0
16,23150.0
10,23175.0
42,23200.0
9,23225.0
16,23250.0
10,23275.0
14,23300.0
17,23325.0
25,23350.0
9,23375.0
46,23400.0
26,23425.0
23,23450.0
16,23475.0
235,23500.0
12,23525.0
16,23550.0
11,23575.0
25,23600.0
24,23625.0
22,23650.0
13,23675.0
24,23700.0
22,23725.0
18,23750.0
18,23775.0
81,23800.0
15,23825.0
17,23850.0
16,23875.0
26,23900.0
11,23925.0
13,23950.0
12,23975.0
9875,24000.0
14,24025.0
10,24050.0
11,24075.0
25,24100.0
18,24125.0
14,24150.0
18,24175.0
29,24200.0
16,24225.0
14,24250.0
12,24275.0
20,24300.0
8,24325.0
19,24350.0
16,24375.0
32,24400.0
24,24425.0
19,24450.0
20,24475.0
192,24500.0
16,24525.0
19,24550.0
16,24575.0
47,24600.0
10,24625.0
21,24650.0
12,24675.0
19,24700.0
15,24725.0
28,24750.0
12,24775.0
58,24800.0
21,24825.0
16,24850.0
16,24875.0
23,24900.0
15,24925.0
16,24950.0
23,24975.0
18966,25000.0
12,25025.0
13,25050.0
13,25075.0
9,25100.0
16,25125.0
12,25150.0
13,25175.0
293,25200.0
12,25225.0
22,25250.0
15,25275.0
25,25300.0
19,25325.0
8,25350.0
16,25375.0
14,25400.0
16,25425.0
22,25450.0
18,25475.0
259,25500.0
15,25525.0
15,25550.0
18,25575.0
270,25600.0
17,25625.0
14,25650.0
20,25675.0
15,25700.0
18,25725.0
31,25750.0
19,25775.0
36,25800.0
15,25825.0
18,25850.0
15,25875.0
27,25900.0
9,25925.0
12,25950.0
18,25975.0
1588,26000.0
15,26025.0
16,26050.0
16,26075.0
10,26100.0
23,26125.0
19,26150.0
11,26175.0
23,26200.0
13,26225.0
24,26250.0
21,26275.0
14,26300.0
12,26325.0
15,26350.0
16,26375.0
254,26400.0
11,26425.0
8,26450.0
15,26475.0
269,26500.0
10,26525.0
14,26550.0
20,26575.0
59,26600.0
11,26625.0
23,26650.0
19,26675.0
13,26700.0
19,26725.0
20,26750.0
20,26775.0
29,26800.0
16,26825.0
13,26850.0
22,26875.0
8,26900.0
9,26925.0
16,26950.0
17,26975.0
1610,27000.0
7,27025.0
23,27050.0
9,27075.0
20,27100.0
14,27125.0
13,27150.0
16,27175.0
144,27200.0
16,27225.0
21,27250.0
14,27275.0
31,27300.0
15,27325.0
20,27350.0
12,27375.0
16,27400.0
9,27425.0
13,27450.0
17,27475.0
233,27500.0
18,27525.0
14,27550.0
14,27575.0
115,27600.0
10,27625.0
21,27650.0
16,27675.0
16,27700.0
8,27725.0
12,27750.0
12,27775.0
22,27800.0
24,27825.0
22,27850.0
14,27875.0
29,27900.0
10,27925.0
18,27950.0
17,27975.0
4274,28000.0
18,28025.0
14,28050.0
13,28075.0
26,28100.0
21,28125.0
14,28150.0
16,28175.0
27,28200.0
9,28225.0
12,28250.0
14,28275.0
29,28300.0
14,28325.0
13,28350.0
12,28375.0
21,28400.0
16,28425.0
14,28450.0
7,28475.0
134,28500.0
19,28525.0
21,28550.0
9,28575.0
19,28600.0
18,28625.0
18,28650.0
12,28675.0
21,28700.0
17,28725.0
21,28750.0
20,28775.0
349,28800.0
10,28825.0
13,28850.0
14,28875.0
22,28900.0
12,28925.0
12,28950.0
16,28975.0
624,29000.0
19,29025.0
13,29050.0
27,29075.0
7,29100.0
18,29125.0
15,29150.0
13,29175.0
26,29200.0
14,29225.0
28,29250.0
18,29275.0
15,29300.0
14,29325.0
14,29350.0
20,29375.0
49,29400.0
6,29425.0
23,29450.0
15,29475.0
98,29500.0
14,29525.0
14,29550.0
11,29575.0
45,29600.0
16,29625.0
17,29650.0
9,29675.0
10,29700.0
17,29725.0
24,29750.0
16,29775.0
20,29800.0
9,29825.0
10,29850.0
14,29875.0
21,29900.0
18,29925.0
16,29950.0
15,29975.0
19155,30000.0
10,30025.0
12,30050.0
9,30075.0
16,30100.0
7,30125.0
12,30150.0
9,30175.0
13,30200.0
8,30225.0
11,30250.0
11,30275.0
16,30300.0
12,30325.0
3,30350.0
10,30375.0
39,30400.0
9,30425.0
5,30450.0
13,30475.0
93,30500.0
10,30525.0
9,30550.0
5,30575.0
35,30600.0
7,30625.0
13,30650.0
8,30675.0
18,30700.0
8,30725.0
20,30750.0
10,30775.0
76,30800.0
8,30825.0
8,30850.0
19,30875.0
18,30900.0
5,30925.0
13,30950.0
10,30975.0
477,31000.0
5,31025.0
11,31050.0
11,31075.0
8,31100.0
6,31125.0
18,31150.0
12,31175.0
131,31200.0
9,31225.0
19,31250.0
14,31275.0
13,31300.0
9,31325.0
12,31350.0
5,31375.0
12,31400.0
13,31425.0
7,31450.0
10,31475.0
88,31500.0
6,31525.0
11,31550.0
12,31575.0
10,31600.0
7,31625.0
15,31650.0
15,31675.0
12,31700.0
8,31725.0
14,31750.0
9,31775.0
20,31800.0
8,31825.0
6,31850.0
11,31875.0
9,31900.0
11,31925.0
12,31950.0
12,31975.0
4697,32000.0
4,32025.0
9,32050.0
13,32075.0
13,32100.0
12,32125.0
9,32150.0
12,32175.0
54,32200.0
13,32225.0
6,32250.0
11,32275.0
5,32300.0
14,32325.0
4,32350.0
7,32375.0
101,32400.0
4,32425.0
8,32450.0
12,32475.0
116,32500.0
5,32525.0
13,32550.0
7,32575.0
9,32600.0
15,32625.0
10,32650.0
16,32675.0
14,32700.0
6,32725.0
16,32750.0
9,32775.0
19,32800.0
13,32825.0
6,32850.0
12,32875.0
19,32900.0
8,32925.0
11,32950.0
9,32975.0
689,33000.0
11,33025.0
8,33050.0
5,33075.0
10,33100.0
9,33125.0
8,33150.0
11,33175.0
11,33200.0
10,33225.0
8,33250.0
11,33275.0
13,33300.0
6,33325.0
11,33350.0
12,33375.0
18,33400.0
14,33425.0
8,33450.0
9,33475.0
69,33500.0
8,33525.0
13,33550.0
8,33575.0
231,33600.0
15,33625.0
5,33650.0
6,33675.0
10,33700.0
11,33725.0
10,33750.0
7,33775.0
4,33800.0
12,33825.0
12,33850.0
8,33875.0
5,33900.0
17,33925.0
8,33950.0
9,33975.0
489,34000.0
16,34025.0
6,34050.0
22,34075.0
10,34100.0
8,34125.0
12,34150.0
14,34175.0
25,34200.0
5,34225.0
5,34250.0
8,34275.0
7,34300.0
6,34325.0
11,34350.0
8,34375.0
13,34400.0
13,34425.0
15,34450.0
10,34475.0
88,34500.0
12,34525.0
16,34550.0
9,34575.0
12,34600.0
14,34625.0
13,34650.0
14,34675.0
9,34700.0
12,34725.0
15,34750.0
13,34775.0
53,34800.0
10,34825.0
9,34850.0
13,34875.0
10,34900.0
14,34925.0
10,34950.0
12,34975.0
17029,35000.0
3,35025.0
7,35050.0
8,35075.0
5,35100.0
9,35150.0
7,35175.0
51,35200.0
4,35225.0
8,35250.0
7,35275.0
8,35300.0
8,35325.0
5,35350.0
8,35375.0
13,35400.0
7,35425.0
5,35450.0
5,35475.0
57,35500.0
10,35525.0
6,35550.0
4,35575.0
5,35600.0
7,35625.0
7,35650.0
3,35675.0
12,35700.0
6,35725.0
7,35750.0
6,35775.0
8,35800.0
12,35825.0
8,35850.0
6,35875.0
5,35900.0
8,35925.0
8,35950.0
5,35975.0
2838,36000.0
4,36025.0
8,36050.0
1,36075.0
1,36100.0
6,36125.0
6,36150.0
7,36175.0
6,36200.0
8,36225.0
9,36250.0
4,36275.0
8,36300.0
6,36325.0
6,36350.0
8,36375.0
39,36400.0
11,36425.0
7,36450.0
7,36475.0
36,36500.0
7,36525.0
7,36550.0
9,36575.0
13,36600.0
7,36625.0
3,36650.0
6,36675.0
9,36700.0
6,36725.0
11,36750.0
4,36775.0
24,36800.0
4,36825.0
10,36850.0
10,36875.0
3,36900.0
4,36925.0
4,36950.0
8,36975.0
376,37000.0
5,37025.0
4,37050.0
3,37075.0
5,37100.0
4,37125.0
5,37150.0
1,37175.0
35,37200.0
6,37225.0
15,37250.0
5,37275.0
4,37300.0
3,37325.0
3,37350.0
2,37375.0
6,37400.0
7,37425.0
5,37450.0
3,37475.0
61,37500.0
6,37525.0
8,37550.0
4,37575.0
5,37600.0
6,37625.0
1,37650.0
6,37675.0
5,37700.0
6,37725.0
8,37750.0
7,37775.0
39,37800.0
7,37825.0
3,37850.0
5,37875.0
10,37900.0
8,37925.0
3,37950.0
4,37975.0
514,38000.0
5,38025.0
4,38050.0
4,38075.0
8,38100.0
3,38125.0
5,38150.0
2,38175.0
5,38200.0
6,38225.0
10,38250.0
6,38275.0
6,38300.0
3,38325.0
5,38350.0
5,38375.0
156,38400.0
4,38425.0
5,38450.0
5,38475.0
50,38500.0
4,38525.0
3,38550.0
7,38575.0
3,38600.0
6,38625.0
2,38650.0
5,38675.0
7,38700.0
3,38725.0
6,38750.0
3,38775.0
6,38800.0
6,38825.0
9,38850.0
6,38875.0
6,38900.0
5,38925.0
5,38950.0
7,38975.0
206,39000.0
4,39025.0
7,39050.0
5,39075.0
6,39100.0
5,39125.0
6,39150.0
6,39175.0
43,39200.0
4,39225.0
5,39250.0
6,39275.0
5,39300.0
1,39325.0
9,39350.0
4,39375.0
6,39400.0
6,39425.0
3,39450.0
8,39475.0
63,39500.0
9,39525.0
4,39550.0
6,39575.0
46,39600.0
5,39625.0
5,39650.0
4,39675.0
11,39700.0
5,39725.0
6,39750.0
4,39775.0
3,39800.0
5,39825.0
3,39850.0
6,39875.0
16,39900.0
9,39925.0
7,39950.0
4,39975.0
19962,40000.0
