7,0,2016
1157,0,2017
1230,0,2018
2,1,2016
595,1,2017
573,1,2018
25,10,2016
2721,10,2017
3431,10,2018
23,11,2016
2970,11,2017
3585,11,2018
22,12,2016
2710,12,2017
3263,12,2018
23,13,2016
3006,13,2017
3489,13,2018
20,14,2016
2936,14,2017
3613,14,2018
26,15,2016
2928,15,2017
3500,15,2018
19,16,2016
2963,16,2017
3693,16,2018
17,17,2016
2783,17,2017
3350,17,2018
12,18,2016
2533,18,2017
3224,18,2018
11,19,2016
2733,19,2017
3238,19,2018
4,2,2016
261,2,2017
245,2,2018
14,20,2016
2783,20,2017
3396,20,2018
16,21,2016
2867,21,2017
3334,21,2018
34,22,2016
2703,22,2017
3079,22,2018
15,23,2016
2042,23,2017
2066,23,2018
128,3,2017
144,3,2018
3,4,2016
104,4,2017
99,4,2018
95,5,2017
93,5,2018
216,6,2017
286,6,2018
6,7,2016
529,7,2017
696,7,2018
13,8,2016
1280,8,2017
1674,8,2018
17,9,2016
2058,9,2017
2710,9,2018
